084923
045231
121867
138908
108537
142080
138389
225479
192981
249777
250023
262691
275451
266691
274581
275960
273879
197903
240476
238516
246808
262581
249335
265857
268620
275450
270504
276166
278597
236875
282243
282245
282282
282582
283528
283878
283865
285246
289289
289294
289290
289442
289568
290114
291482
291781
291921
291978
293289
293700
428063
275345
427571
081505
428825
428950
429468
430091
430411
431821
431866
432044
432069
432827
432820
433273
434918
435068
435071
435319
435639
436350
436552
436597
436755
437395
437403
122500
437403
439017
439475
428041
428093